22,
41,
54,
79,
110,
149,
198,
249,
240,
272,
193,
203,
216,
242,
243,
243,
256,
273,
286,
310,
284,
353,
314,
319,
374,
352,
355,
405,
388,
412,
426,
421,
451,
460,
488,
475,
487,
500,
514,
521,
537,
545,
565,
582,
616,
600,
608,
625,
658,
652,
666,
679,
686,
698,
727,
730,
754,
762,
765,
782,
789,
796,
810,
830,
865,
840,
866,
881,
896,
903,
933,
910,
920,
934,
942,
956,
979,
978,
999,
1015,
1032,
1032,
1054,
1049,
1059,
1076,
1083,
1096,
1109,
1114,
1134,
1147,
1154,
1193,
1156,
1211,
1197,
1227,
1198,
1229,
